seeds: 79 14 55 13


                                                       79 80 81 82 83 84 85 86 87 88 89 90 91 92
seed-to-soil map:
50 98 2                       50 .. 51   98 .. 99
52 50 48                      52 .. 99   50 .. 97      81 82 83 84 85 86 87 88 89 90 91 92 93 94


soil-to-fertilizer map:
0 15 37                       00 .. 36   15 .. 51
37 52 2                       37 .. 38   52 .. 53
39 0 15                       39 .. 53   00 .. 14
                                                       81 82 83 84 85 86 87 88 89 90 91 92 93 94 (no mapping)
fertilizer-to-water map:
49 53 8                       49 .. 56   53 .. 60
0 11 42                       00 .. 41   11 .. 52
42 0 7                        42 .. 48   00 .. 06
57 7 4                        57 .. 62   07 .. 10
                                                       81 82 83 84 85 86 87 88 89 90 91 92 93 94 (no mapping)
water-to-light map:
88 18 7                       88 .. 94   18 .. 24
18 25 70                      18 .. 87   25 .. 94      74 75 76 77 78 79 80 81 82 83 84 85 86 87

light-to-temperature map:
45 77 23                      45 .. 67   77 .. 99               45 46 47 48 49 50 51 52 53 54 55
81 45 19                      81 .. 99   45 .. 63
68 64 13                      68 .. 80   64 .. 76      78 79 80

temperature-to-humidity map:
0 69 1                        00 .. 00   69 .. 69
1 0 69                        01 .. 69   00 .. 68               46 47 48 49 50 51 52 53 54 55 56
                                                       78 79 80
humidity-to-location map:
60 56 37                      60 .. 96   56 .. 92      82 83 84                               60
56 93 4                       56 .. 59   93 .. 96
                                                                46 47 48 59 50 51 52 53 55 55